	ID	Latitude	Longitude	Date
0	400010.0	37.623668	-122.400687	2014_02_21
1	400010.0	37.629765	-122.402365	2014_03_07
2	400039.0	37.635096	-122.403232	2014_02_21
3	400039.0	37.637025	-122.404035	2014_03_07
4	400107.0	37.550467	-122.293264	2014_02_21
5	400107.0	37.551284	-122.294014	2014_03_07
6	400260.0	37.703072	-122.393983	2014_02_21
7	400260.0	37.706585	-122.394455	2014_03_07
8	400316.0	37.637161	-122.4041	2014_02_21
9	400316.0	37.639474	-122.405195	2014_03_07
10	400340.0	37.623521	-122.40095	2014_02_21
11	400340.0	37.629746	-122.402661	2014_03_07
12	400531.0	37.550384	-122.293465	2014_02_21
13	400531.0	37.551205	-122.29422	2014_03_07
14	400540.0	37.651586	-122.406767	2014_02_21
15	400540.0	37.646963	-122.406317	2014_03_07
16	400641.0	37.703028	-122.393657	2014_02_21
17	400641.0	37.706492	-122.394734	2014_03_07
18	400645.0	37.550117	-122.292942	2014_02_21
19	400645.0	37.552458	-122.295073	2014_03_07
20	400657.0	37.61287	-122.39602	2014_02_21
21	400657.0	37.611521	-122.394365	2014_03_07
22	400763.0	37.63503	-122.403511	2014_02_21
23	400763.0	37.636976	-122.40429	2014_03_07
24	400766.0	37.645048	-122.406433	2014_02_21
25	400766.0	37.647089	-122.406584	2014_03_07
26	400884.0	37.550027	-122.293152	2014_02_21
27	400884.0	37.552362	-122.2953	2014_03_07
28	400886.0	37.63711	-122.404362	2014_02_21
29	400886.0	37.639558	-122.405568	2014_03_07
30	400975.0	37.612975	-122.395781	2014_02_21
31	400975.0	37.611714	-122.394268	2014_03_07
32	401462.0	37.693677	-122.391827	2014_02_21
33	401462.0	37.690972	-122.391216	2014_03_07
34	401469.0	37.693641	-122.391505	2014_02_21
35	401469.0	37.691221	-122.39097	2014_03_07
36	401929.0	37.505073	-122.245983	2014_02_21
37	401929.0	37.503896	-122.244641	2014_03_07
38	403174.0	37.611715	-122.394637	2014_02_21
39	403174.0	37.610856	-122.393398	2014_03_07
40	405529.0	37.303418	-121.878248	2014_02_21
41	405529.0	37.670645	-122.391877	2014_03_07
42	400010.0	37.623668	-122.400687	2014_02_21
43	400010.0	37.629765	-122.402365	2014_03_14
44	400039.0	37.635096	-122.403232	2014_02_21
45	400039.0	37.637025	-122.404035	2014_03_14
46	400107.0	37.550467	-122.293264	2014_02_21
47	400107.0	37.551284	-122.294014	2014_03_14
48	400260.0	37.703072	-122.393983	2014_02_21
49	400260.0	37.706585	-122.394455	2014_03_14
50	400316.0	37.637161	-122.4041	2014_02_21
51	400316.0	37.639474	-122.405195	2014_03_14
52	400340.0	37.623521	-122.40095	2014_02_21
53	400340.0	37.629746	-122.402661	2014_03_14
54	400531.0	37.550384	-122.293465	2014_02_21
55	400531.0	37.551205	-122.29422	2014_03_14
56	400540.0	37.651586	-122.406767	2014_02_21
57	400540.0	37.646963	-122.406317	2014_03_14
58	400641.0	37.703028	-122.393657	2014_02_21
59	400641.0	37.706492	-122.394734	2014_03_14
60	400645.0	37.550117	-122.292942	2014_02_21
61	400645.0	37.552458	-122.295073	2014_03_14
62	400657.0	37.61287	-122.39602	2014_02_21
63	400657.0	37.611521	-122.394365	2014_03_14
64	400763.0	37.63503	-122.403511	2014_02_21
65	400763.0	37.636976	-122.40429	2014_03_14
66	400766.0	37.645048	-122.406433	2014_02_21
67	400766.0	37.647089	-122.406584	2014_03_14
68	400884.0	37.550027	-122.293152	2014_02_21
69	400884.0	37.552362	-122.2953	2014_03_14
70	400886.0	37.63711	-122.404362	2014_02_21
71	400886.0	37.639558	-122.405568	2014_03_14
72	400975.0	37.612975	-122.395781	2014_02_21
73	400975.0	37.611714	-122.394268	2014_03_14
74	401462.0	37.693677	-122.391827	2014_02_21
75	401462.0	37.690972	-122.391216	2014_03_14
76	401469.0	37.693641	-122.391505	2014_02_21
77	401469.0	37.691221	-122.39097	2014_03_14
78	401929.0	37.505073	-122.245983	2014_02_21
79	401929.0	37.503896	-122.244641	2014_03_14
80	403174.0	37.611715	-122.394637	2014_02_21
81	403174.0	37.610856	-122.393398	2014_03_14
82	405529.0	37.303418	-121.878248	2014_02_21
83	405529.0	37.670645	-122.391877	2014_03_14
84	400010.0	37.623668	-122.400687	2014_02_21
85	400010.0	37.629765	-122.402365	2014_03_28
86	400039.0	37.635096	-122.403232	2014_02_21
87	400039.0	37.637025	-122.404035	2014_03_28
88	400107.0	37.550467	-122.293264	2014_02_21
89	400107.0	37.551284	-122.294014	2014_03_28
90	400260.0	37.703072	-122.393983	2014_02_21
91	400260.0	37.706585	-122.394455	2014_03_28
92	400316.0	37.637161	-122.4041	2014_02_21
93	400316.0	37.639474	-122.405195	2014_03_28
94	400340.0	37.623521	-122.40095	2014_02_21
95	400340.0	37.629746	-122.402661	2014_03_28
96	400531.0	37.550384	-122.293465	2014_02_21
97	400531.0	37.551205	-122.29422	2014_03_28
98	400540.0	37.651586	-122.406767	2014_02_21
99	400540.0	37.646963	-122.406317	2014_03_28
100	400641.0	37.703028	-122.393657	2014_02_21
101	400641.0	37.706492	-122.394734	2014_03_28
102	400645.0	37.550117	-122.292942	2014_02_21
103	400645.0	37.552458	-122.295073	2014_03_28
104	400657.0	37.61287	-122.39602	2014_02_21
105	400657.0	37.611521	-122.394365	2014_03_28
106	400763.0	37.63503	-122.403511	2014_02_21
107	400763.0	37.636976	-122.40429	2014_03_28
108	400766.0	37.645048	-122.406433	2014_02_21
109	400766.0	37.647089	-122.406584	2014_03_28
110	400884.0	37.550027	-122.293152	2014_02_21
111	400884.0	37.552362	-122.2953	2014_03_28
112	400886.0	37.63711	-122.404362	2014_02_21
113	400886.0	37.639558	-122.405568	2014_03_28
114	400975.0	37.612975	-122.395781	2014_02_21
115	400975.0	37.611714	-122.394268	2014_03_28
116	401462.0	37.693677	-122.391827	2014_02_21
117	401462.0	37.690972	-122.391216	2014_03_28
118	401469.0	37.693641	-122.391505	2014_02_21
119	401469.0	37.691221	-122.39097	2014_03_28
120	401929.0	37.505073	-122.245983	2014_02_21
121	401929.0	37.503896	-122.244641	2014_03_28
122	403174.0	37.611715	-122.394637	2014_02_21
123	403174.0	37.610856	-122.393398	2014_03_28
124	403987.0	37.89803	-122.09204	2014_02_21
125	403987.0	37.896385	-122.074227	2014_03_28
126	405529.0	37.303418	-121.878248	2014_02_21
127	405529.0	37.670645	-122.391877	2014_03_28
